53.5299579 -113.4699657
53.5278325 -113.473195
53.5294821 -113.4683585
53.5234782 -113.4639158
53.5282734 -113.4669088
53.5234992 -113.4653921
53.5260056 -113.4698186
53.5284851 -113.4669099
53.5261339 -113.471421
53.526705 -113.4668655
53.5270587 -113.4714568
53.5264107 -113.4669018
53.5320268 -113.47654
53.5283822 -113.4731749
53.5237162 -113.4731432
53.5258692 -113.4714215
53.523582 -113.4698076
53.5262662 -113.4714207
53.5218311 -113.4604916
53.5272328 -113.4743547
53.5260817 -113.4653831
53.5251185 -113.4698159
53.5234811 -113.4714173
53.5190752 -113.4709772
53.5255384 -113.4714222
53.5253033 -113.4714324
53.5210075 -113.4636155
53.5281663 -113.4653646
53.5260643 -113.4668642
53.5298478 -113.4731314
53.5297892 -113.4715667
53.5294414 -113.4715614
53.5293187 -113.4715595
53.5284344 -113.471552
53.5280343 -113.4715502
53.5288713 -113.473194
53.5278936 -113.4731928
53.528983 -113.4699585
53.5280158 -113.4731883
53.5286746 -113.46992
53.5281486 -113.4715507
53.5132581 -113.463481
53.5257124 -113.4714587
53.5289437 -113.4742676
53.5245495 -113.4698128
53.5319936 -113.4794422
53.5160759 -113.460366
53.5262415 -113.4698191
53.5160898 -113.467677
53.5228827 -113.4704432
53.5190347 -113.4630964
53.5215657 -113.4656707
53.5228831 -113.4714346
53.5297344 -113.4731342
53.5200551 -113.4632844
53.5210068 -113.4661744
53.5243892 -113.4583951
53.5210108 -113.4622241
53.5299959 -113.4715329
53.5300151 -113.4683885
53.5253314 -113.4613738
53.5219508 -113.4703675
53.5268032 -113.4653872
53.5292763 -113.4683839
53.5294519 -113.4654149
53.5190752 -113.4705833
53.5295077 -113.4715255
53.51901 -113.463532
53.5296794 -113.4699267
53.5254375 -113.4638341
53.5214717 -113.4611079
53.5247771 -113.4698141
53.5268331 -113.4668658
53.521747 -113.4621341
53.5247711 -113.4731329
53.5258031 -113.4714216
53.5127533 -113.2929074
53.5161083 -113.4576612
53.527559 -113.4743526
53.5219383 -113.4733417
53.5306885 -113.4695113
53.5200405 -113.4597199
53.521947 -113.4711576
53.5296704 -113.471528
53.5239322 -113.465341
53.5265971 -113.47142
53.5209884 -113.4624291
53.529308 -113.4699609
53.5274627 -113.4715476
53.5273484 -113.4715471
53.525915 -113.4731579
53.5249237 -113.4668625
53.5289831 -113.4699217
53.5288917 -113.471554
53.5270894 -113.4668663
53.5234831 -113.4734682
53.5244356 -113.4698122
53.5265897 -113.4615815
53.5259775 -113.4731612
53.5257052 -113.462397
53.5287064 -113.4732
53.5181938 -113.4595331
53.5287487 -113.4731616
53.5233955 -113.4621144
53.5309153 -113.4699126
53.5292907 -113.4715222
53.5296235 -113.4731739
53.5279614 -113.4653989
53.5270761 -113.4683582
53.5247423 -113.4668993
53.5261235 -113.4698189
53.5273784 -113.4668674
53.5234953 -113.4641728
53.5246669 -113.4586312
